983.0	273.58660226721446	2.8741994084772715	
 281	273.8230143776512	2.748671747288345	11.145835302424835	1.9653114863503915	
 463	273.99169170631654	2.3404507102598044	14.185608566722518	2.501305528082317	
 610	274.12099869792155	2.3108343864124903	16.718752953637253	2.947967229525587	
 691	274.2057949831546	2.298227996182027	16.212124076254305	2.8586348892369333	
 700	274.29043404207465	2.282966461190385	16.212124076254305	2.8586348892369333	
 785	274.5279291232092	1.9273510762623316	16.302013007194564	2.291098515360373	
 914	274.69350513325537	1.7950221587417972	16.399578496585892	1.4347772050547831	
1108	274.8777764309979	1.6042900498303663	14.909800704872666	0.520661713582753	
1219	274.86864214549615	1.5248036538678171	14.404444444444445	2.6460535173577146e-15	
1358	274.9201911998964	1.4299414661885106	13.324657528476038	-1.1657564791070063	
1829	275.55740311419595	1.2984411213831952	14.404444444444445	2.6460535173577146e-15	
1973	275.7667293783998	1.2581032580414573	13.88153858729524	0.4847540091977356	
2041	276.25912622555677	1.2482261279589784	13.870964237741031	0.7269464322144964	
2099	279.0257186082855	1.5245527387445934	13.342973374475294	0.9330315899242043	
2134	279.71212575214804	1.56998007416636	13.324657528476038	1.1657564791070112	
2159	280.2967687796214	1.601363891100606	13.856164658108959	0.9689174203059043	
2340	281.9921961756038	1.3549021725090797	16.966324940027516	-0.5924771223527968	
2438	282.38140889036407	1.1887565294375646	18.96201263667744	-1.6589611433445859	
2743	283.78305971073564	0.7795036130534742	18.369946633452525	-6.686113779635356	
2831	284.1750132575012	0.6890772425102127	19.336785929950025	-7.038014504879322	
3060	285.54121600524303	0.4911612520923568	18.94194431771022	-8.040378332912606	
3317	286.33530049090746	0.42855863565584246	18.957563756552318	-9.246221643885619	
3536	288.0667112482411	0.41666381009540854	18.447673222919054	-10.225712245706912	
3658	288.39578523395824	0.32564582100902645	18.26640026671111	-10.546111111111113	
3820	288.7140068436069	0.23430508698304411	18.89761647225854	-10.47511986145586	
3917	290.49195524520235	0.10852549925610408	19.07755432303855	-10.143715566593807	
4052	291.0901060913233	0.016790551544283716	19.251680965963338	-9.809221397705805	
4267	292.02221492793683	0.012614429074295892	20.04853525790296	-9.348785525550655	
4602	293.6115642882301	0.007875377005977405	21.44727027589619	-10.001026376170469	
4877	294.44325424160206	0.006917237983902612	22.846005293889423	-10.65326722679028	
5300	295.77634764704624	0.005677454506144824	23.778495305884906	-11.088094460536825	
5486	295.79968011382147	0.005912581931697347	23.687562764188783	-8.621567768477169	
5588	295.7922109744196	0.006085112815690754	25.621241357183784	-9.325369218965102	
5721	296.89974441635195	0.008954537115866771	28.52175924667629	-10.381071394696999	
5856	299.5378108737297	0.005015339036748708	30.938857487920043	-11.260823207806915	
6096	301.3579498393737	0.004823669607964184	35.77305397040755	-13.020326834026747	
6489	304.3162168432276	0.0044669284196218045	40.12383080464631	-14.603880097624593	
6860	305.88785311231	0.0032823038214394432	44.474607638885054	-16.187433361222443	
7010	306.3770994601594	0.004606268792784165	46.40828623188006	-16.891234811710376	
7466	307.8851878263756	0.012519508183560698	45.9899637393423	-13.187409893471308	
7620	308.97015115546577	0.01372401363637724	45.716196107343514	-12.249617827985507	
7864	310.68622423300525	0.015660347235023898	45.716196107343514	-12.249617827985507	
8282	312.4462164857161	0.017134698898156057	45.716196107343514	-12.249617827985507	
8489	314.9781924727609	0.017205123137921795	45.716196107343514	-12.249617827985507	
8790	316.5697230620313	0.01613762299703838	45.716196107343514	-12.249617827985507	
8944	317.575808859079	0.016983559106764332	43.23162023194441	-11.583877728638468	
9144	319.81320050339104	0.016577216626796957	42.73470505686459	-11.45072970876906	
9381	322.558023287195	0.016263378090821005	45.716196107343514	-12.249617827985507	
9501	325.4233123104126	0.018499200178905845	47.206941632582975	-12.64906188759373	
9574	329.09493585756053	0.020871367659685457	48.200771982742616	-12.915357927332543	
9754	330.3603929078868	0.018707465665404866	50.1884326830619	-13.447950006810176	
9774	330.3581585131855	0.018508691666203725	50.1884326830619	-13.447950006810176	
9876	331.09631134675277	0.017544784298218284	48.697687157822436	-13.048505947201951	
9980	333.19520590377266	0.018839517113275486	47.206941632582975	-12.64906188759373	
10587	344.518902222576	0.017004439202144797	42.05019682278461	-7.414584243958281	
10944	347.40199884539226	0.016495759593107992	38.71728089208709	-5.441358973980871	
11224	351.96451723022034	0.017705600164682853	35.87407796128164	-3.138575136057325	
11278	352.95170660793644	0.01760256827859078	35.361591133263325	-3.0937383483993632	
11450	356.07343540633946	0.016836198182943282	39.51705243586988	-6.96792254251501	
11516	357.41470671145004	0.017495075008836895	39.51705243586988	-6.96792254251501	
11583	361.0010795659309	0.01447617177081302	39.51705243586988	-6.96792254251501	
11582	361.0010795659309	0.01447617177081302	39.51705243586988	-6.96792254251501	
11791	367.7565379591681	0.009920370885980922	35.22418193309182	-7.487130999337315	
12192	372.6630869371802	0.0097794154423044	27.330334629390144	-7.323141092817422	
12802	380.15323269331094	0.009500918842464158	34.46777777777778	6.331628059391673e-15	
12854	380.85390788495135	0.009433695123188238	33.948162076210004	-0.5925673732338866	
13103	381.2414693072639	0.012818138068338956	32.286670165153474	-2.824717622451592	
13360	384.50484383321094	0.014140801373868563	30.397732642976823	-5.359940417319239	
13626	385.88350132389024	0.015168361666702317	28.784581109297	-5.595155774424891	
13764	391.36078079993524	0.015043836855134557	27.774595807216404	-5.3988345191819125	
14098	397.09444308940925	0.01583010392879338	25.663332551252612	-5.454909728088615	
14196	397.3772097807172	0.016548717917508903	25.160129952208443	-5.347950713812368	
14500	403.05399937233364	0.015407744679203647	23.057926266439935	-5.323341728239595	
14875	413.3618388784455	0.014057219753946318	20.465693079885828	-5.10267038240943	
15100	414.0799314243994	0.014986885009568397	19.37969182811301	-5.192772774906899	
15214	416.5329874578004	0.015715136856280714	18.38586147795337	-4.926476735168084	
15240	416.7684972894977	0.015770890832723764	18.38586147795337	-4.926476735168084	
15818	423.11035470204547	0.018848022696802424	19.358640446043545	-2.7206794869904356	
16010	430.1723255890448	0.01884836457179277	19.474499464695747	-1.703797931002548	
16764	441.93788943685314	0.01995301109527031	12.81217070045773	-1.1209196914490447	
16782	442.2219642687779	0.01999797674062909	12.790656598764183	-1.3443521803589815	
17124	444.53148413538594	0.02046735841762651	13.775038729227546	-4.211451977806177	
17374	450.7084571281562	0.021597604821238656	13.9873501799323	-6.522408506198132	
17657	457.6765572051338	0.022914062900438282	15.243323389851627	-2.41430524378756	
17983	460.08398553949814	0.023383753916450645	15.198866321488412	2.6799702086596247	
18024	460.55739292051345	0.023543277995129855	15.374604840549274	1.3451036297388592	
18288	469.72589178597144	0.023828234470404115	15.386085197925528	-7.174649356817945	
18310	470.3225719892552	0.023896536179171677	15.952848392208772	-5.806361966525441	
18412	473.3139973242216	0.02218312628027293	14.569019948382504	-6.486545597852172	
18898	481.63498644104044	0.02320600397788852	6.911575948997846	-6.911575948997841	
19202	486.96136297673104	0.02398279276311523	6.682829365869918	-3.8583333333333347	
19641	494.4622735094936	0.025281824721035018	5.517222311441352	-4.629499206653497	
20012	506.393864506402	0.025211707974485527	4.725082917684966	-5.435586110004453	
20470	514.9434353899501	0.027914117526160746	3.343888888888892	-5.791785450420594	
20824	518.8704951536995	0.03041422899109961	4.070664003471945	-3.9309945341640815	
21336	534.6487259595867	0.029146072695784658	3.3839375377412546	-1.2316525383538814	
21462	538.8200398116911	0.02886182407413959	3.1186537040726288	-1.8005555555555561	
21942	544.4850016549841	0.034100893463293286	1.6739472510586266	-3.7597470834535494	
22250	552.6754841247206	0.03474016771025748	-0.0	-4.630000000000001	
